п ВІДПОВІДІ

0; -2,7.1107.1)-73.1111. 1) Так; 2)ні. 1113.1)1; 2) 2. 1114.1)28,6.

5.26
1122.1)-6;2)-4.1124.1)-4:2)-98; 3) - 16; 4) -80; 5) 4,6; б) -3,5; 7) 6,59;
8) - 1,94; 9) -0,12; 10) -50,8; 11) 6,75; 12) 3,22. 1125. 1) 4; 2) 98; 3) 16;
5) 80,09; б) -3,1. 1127. 1) -50; 2) - 304; 3) - 23; 4) -91; 5) - 13,15; б) - 75, 79;
7) -0,22; 8) - 16,4; 9) -0,9. 1128. 3) -13,231; 4) -4,4; 5) -8; б) -100.
1129. 1)-6; 2) 4; 3) -4; 4) 6; 5) 11; 6) - 11; 7) -5,1; 8) 5,1. 1130. 1) 50,2;
2) -50,2; 3) -39,8; 4) 39,8. 1131. 1) - 18; 2) -1. 1132. 1) -26; 2) -4.
1133. 1) -20; 2) 20. 1134. 1) -40; 2) -53. 1135. 1) 23; 2) 12; 4) -0,1.

1136. 1) 0; 2) 0; 3) 0, 4 0. 1137. 1) 0; 2) 0. 1138. 1) 5,2; 2) 22.

1139. 2) 145. 1143. 1) -41; 3) 7,79. 1144. 1) 3,6; 2) 2,4.
3)0,4.1145.1)2а;2)-Р.1146. 1)НІі; 2) ні; 3) так. 1147. 1) Так; 2)ні; 3) так.
1150. Збільшилась на 5 учнів. 1153. С(-1). 1154. С(9,7)., 1155. С(- 7,5).

1156.1)-7,7; 2) б ;7)2.1157.1) арзінтов. 1158.1)-38,7; 270,4; 3) 3,5.

1159.1)14:-10:2)-13;23.1161.9900.1162.-90.1163.1)2а-5п-23т 33;
2) с - 24. 1166. 1) -3; 2) -21. 1168. 0. 1174. Збільшився на 7 см.
1175.1)67 км 4 м; 2) 56 кг 558 г; 3) 72 т 884 кг 812 г; 4)9 год 21 хв 50 с.
1176.3)186,14.1177.10г.

827
1184.1)5:2)0.1185.1)20:2)-30.1186. 1)НІ; 2) так; 3) так. 1187.1)-25;
2) 64; 3) 25; 4)0; 5) - 3,9; 6) -4.9; 7) - 1,55; 8) - 4,54; 9) -0,5. 1188. 1) 58;
2)-18; 3) -37,01. 1190. 1) - 76; 2) - 79; 3) -35; 4) - 182; 5) - 7,23; б) -8,04.
1191.1)-77; 2)-872. 1192.1)5: 2)6.1193. 1) 62; 2) 0; 3) -800; 4) 100;
5) -320; 6) 252; 9) -4,5; 12) -292. 1194. 1)-29:2)410;3)20,.1195.3)12.
1196.1)17: 2)-85; 3) 85; 4)-17:5)-0,6;6)0,6; 7)-5,2;8)5,2.1197.1)2,2;
2) -2,2; 3) -9,8; 4) 9,8. 1200. 1) 42; 2) -690. 1202. 1) - 37; 2) 0; 3) 12.
1203. 1) -28; 2-18. 1205. 1) 6,2; 3) 22.45. 1206. 1) 1,29; 2) 0,25; 3) 1.
1208. 1) - 27739; 2) - 7832. 1209. 3) 0; 4) 0,9. 1210. 1) - 5; 2) ча
1211.1) 4503; 2) 695. 1212.6) 1,4, 7)4,5; 8)9.1213. 1)-6; 2) -30; 3)-24.
1215.1)8;2)17:3)145;4)4.4:5)30.1216.1)-4:-6;2)-1;-7.1217.1)0,01;
2) -0,8. 1218. 1) -2,8; 2) 58. 1219. 1) -0,58; 2) 19,2; 3) - 1,25.
1220. 10098. 1221. -1098. 1222. -85. 1225. -0,99. 1232. 1) 7800;

2) 1360. 1233. 1) 4,195; 3) 4,5. 1234. 1) у 3)0.1235.17,1.
