ВІДПОВІДІ

3) 10 - 7; 4)-2; 5)-да - 70; б) 10п - 15т. 1381. 1) 2а; 2) 5Рр -- 4: 3) 4;
4) -20п - Бт. 1386. 1) 7,5; 2) 22.4; 3) 2. 4 2,8. 1387. 1) - 11,6; 2) - 23.

1390. 1) баб; 2) - са | 3) -4,Зпт; 4) 0,Бху ;5) -даф; б) 1,Бхуг. 1391. 1) - аб;

2) са; 3) 2Опт; 4) - 0,бхуг. 1392. 1) -да-в 2) ота 3) -Зт 2, би;

4) ПБаробутю 5) Зх -1,8; 6) 20,8. 1393. 1) -да - б; 2) 1,4с - 2,5а;

3) -Зт - 1, п; 4) Тров 1394. 1) -3,ба- 26,2; 2) Зу- 110,4;

3) -0,іс-0,9а; 4) 14 5т-194п. 1395. 1) -ЇІіа--9,8; 2) 12х-5,5у.

1396. 1) 29; 2)-0,2; 3)-69; 4)-3,4.1397.1)4;2)-84,5.1403.1)4,2:412;
2)6;3;613.1406. 1) 12; 2)-2,7.1407.24грн.
8 31
1415.1)2;2)-10; 3)4, 4)-4; 5) 4; 6) - 7; 7) -8; 8) 2; 9) 6; 10) -4; 11) 7; 12)0.
1

1416. 1) 6; 2) 2; 3) 2; 4) 2; 5) 3; 6)-3.1417. 1) 1; 2) 60; 3) 15.9 18; 5)-28;

б) ат 15; 8) -12.1418.1)-5; 2) 20; 3) 12;4)11.1421.1)5; 2)4:3)24:4)1;

5) 4,6; б) 1; 7) 0; 8) - 1; 9) - 2; 10) 1,3; 11) Зі 12)-2. 1422. 1) -4; 2) 1;

3)-2;4)-4,6; 5)-2; 6)6.1423.1)-0,37; 2) 93 3) с 4) 0,5; 5) 25; 670,4;

7)1;8)-9.1424.1)-1;2) о 225 ;4)2,4.1425.1)8; 2)14;3)12:4)15.

1426. 1) зі 2)-12.1427.1)-2; 2) за 3) 3; 4) 2. 1428. 1)-9; 2)0,5.

1429.1)213,2)1216.1430.1)3; 2)-1; 3)11,5;4)1.1434.1)-6,4; 2) 160.
1435.195 м.
832

1439. 1)36112,2)2719:3)2418.1440.1)1614;2)2817.1441.10112,2.
1442.15 118,5. 1443. 2,5 грн, З грн. 1444. 19 грн, 30 грн. 1445. 9 год.
1446. 20 днів. 1447. б0 км/год, 70 км/год. 1448. 70 км/год, 75 км/год.
1449. 80 км/год, 70 км/год, б75 км. 1450. 50 км/год, БО км/год.
1451. 2 кг 4кг 1452.718.1453. 40 км/год, 80 км/год. 1454. 12 км/год,
4 км/год. 1455.3019. 1456. 12 118. 1457.30.1458.25. 1459. 100 км.
1460. 240 км. 1461.90.1462.30,24127.1463.60.1464.63. 1465. 60.

1466. 36.1467. пе. 1468. 2 1469.15 км. 1470. 480 км. 1471. 2 год.

1472.15130.1473. 80, 40,24 136.1474.30110. 1475. 36 грн, 48 грн.
