ВІДПОВІДІ

8528
1242. 1) 90; 2) -35. 1243. 1) 12; 2) -30. 1244. 1) 18; 2) - 36; 3) -2,5.
1245. 1) -40; 3) -2,1; 5) -3; 6) -0,5. 1246. 1) -1; 2) -2,8; 3) - 146; 4) - 23.
1243.1)100; 2) 1200; 5)3.1249.1)88;3)0,63.1251.1)-40; 2) -40; 3) 40;
4)40.1252.1)0;2)0:3)0:4)0.1255.1)0;2)0:3)0:4)0.1256.1)0; 2)0;
3)0. 1257. 1)56; 3)-56; 5)0,92; 7)0,8.1261.1)-31; 2)0,24: 4) 12; 7)-30;
8) 3,6.1262.2)0,11. 1264. 1) - 19; 2) - 10,8; 3) - 7; 6) -12. 1265. 1) -0.,1;
3) -269. 1266. 1) Від'ємний; 2) додатний. 1267. 1) Додатний; 2) від'ємний.
1269. 1) -4.8; 2) -24; 3) 3. 1270. 1) -34; 2) -27. 1271. 1) -360; 2) -3.
1272. 1) -352; 2) -6,9; 4) -б. 1273. 1) 256; 2) -232. 1274. Сума чисел.
1275. Сума чисел. 1276. 1) 1; 2) -б64; 3) 1; 7) -4,р65. 1278. 40320.
1279. 0. 1280. 1) На 15,12; 3) на 18,82. 1281. 1) На 15; 2) на 16;
3) на 19. 1282. 1) 16; 2) 23; 3) -19. 1286. 1) 4; 2) - 7.8; 3) 0; 4) 5.
1287. 1) 41; 2) -0,25; 3) 0. 1290. Додатний. 1291. 1) Додатним;
2) від'ємним. 1292. 2) -8,55; 3) -1,88. 1293. 1) -8; бт; 2) -а; -б0.
1294. 1) 0; 3,7; -9,2; 2) 23; -12,7; 3) -0,3; 0,3; 5; 16,5; 4) 0; 6,7.
1295.1)р0»0:2)Р»0;:3)Р«0.1301.30,1 грн; 1302. 1) 2; 2)18.1305.57.
8529
1313. 1) Ні; 2) ні; 3) так. 1315. 1) - 7; 2) - 11; 3) -0,25; 5) -34; Б) - 7;
7) -24; 8) -3; 9) -0,5; 10) -0,04; 11) -0,7; 12) - 310; 13) -0,41; 14) - 1,3;
15) - 1000. 1316. 1) -49; 2) - 7; 3) - 0,3; 5) -90; 6) -45. 1317. 1) НІ; 2) так;
3) ні. 1318. 2) 7; 3) 13; 5) 51; б) 25; 7) 9; 8) 2,1; 9) 10,1.
1319. 1) 31; 2) 0,5; 3) 33,7. 1323. 1) -б; 2) - 3,67; 3) 0; 4) 0; 5) - 51.
1324. 1) -13; 2756; 3) -187; 4)0.1325. 1)0; 270; 370; 4)0. 1326. 1)0; 2)0; 3)-16.
1327. 1) -1; 2) -1; 3) -1. 1329. 1) 1,01; 2) 1,01; 3) - 1,01; 4) -1,01.
1330. 1)42; 2) 42:3)-42:4)-42.1331.1)-4,5; 2) 5,6; 3) 2,2. 1332. 1) 1,6;
2) - 0,31; 3) 115,4, 1336. 1) 0; 2) -0,3; 3) 0,5; 4) -40. 1337. 1) 0; 3) -42.

1338. 1) ауру 5) -64, 1339. 1) -152; 2) 481. 1340. 1) - 31; 2) 39.

1341. 1) НІ; 2) ні. 1343. 5) 0,625; 6) 98. 1344. 1)0,7; 2) 6. 1345. 1) 56.
1349. 1) 4; 2) 1,1; 4) 0; 5) 5. 1350. 1) 36; 2) -0,2; 3) 0. 1355. - 11,5.
1356.362,5.1357.0,4.1358.0,23. 1359.-0,5.1360.-270. 1362. 1)-1;

2) п 1363. -24. 1364. 0. 1365.-1. 1366. 1) 0; 2) 23; - 12,7; 3) 4; 3;

4) 0; -0,4. 1367. 90 км/год. 1369. 1) 24; 2)0,035. 1373. 1) 6; 2) 3.

РОЗДІЛ 5
8530
1378. 1) -24ар; 2) -бса; 3) ЗОтп; 4) хуг; 5) -дар; б) -дхуг.

1379. 1) -ЗОаф; 2) 30са; 3) -дпт; 4) здам 1380. 1) 5а; 2) 46 -- 4;

